   Min. 1st Qu.  Median    Mean 3rd Qu.    Max. 
 -0.600   5.452   9.090  10.137  13.247  33.840 
                      player team position height weight age experience   salary games_played minutes
1               A.J. Hammons  DAL        C     84    260  24          0   650000           22     163
2               Aaron Brooks  IND       PG     72    161  32          8  2700000           65     894
3               Aaron Gordon  ORL       SF     81    220  21          2  4351320           80    2298
4              Adreian Payne  MIN       PF     82    237  25          2  2022240           18     135
5                 Al Horford  BOS        C     82    245  30          9 26540100           68    2193
6               Al Jefferson  IND        C     82    289  32         12 10230179           66     931
7            Al-Farouq Aminu  POR       SF     81    220  26          6  7680965           61    1773
8              Alan Anderson  LAC       SF     78    220  34          7  1315448           30     308
9              Alan Williams  PHO        C     80    260  24          1   874636           47     708
10                Alec Burks  UTA       SG     78    214  25          5 10154495           42     653
11              Alex Abrines  OKC       SG     78    190  23          0  5994764           68    1055
12                  Alex Len  PHO        C     85    260  23          3  4823621           77    1560
13            Alex Poythress  PHI       PF     79    238  23          0    31969            6     157
14             Alexis Ajinca  NOP        C     86    248  28          6  4600000           39     584
15              Allen Crabbe  POR       SG     78    210  24          3 18500000           79    2254
16              Amir Johnson  BOS       PF     81    240  29         11 12000000           80    1608
17            Andre Drummond  DET        C     83    279  23          4 22116750           81    2409
18            Andre Iguodala  GSW       SF     78    215  33         12 11131368           76    1998
19            Andre Roberson  OKC       SF     79    210  25          3  2183072           79    2376
20           Andrew Harrison  MEM       PG     78    213  22          0   945000           72    1474
21          Andrew Nicholson  BRK       PF     81    250  27          4  6088993           10     111
22            Andrew Wiggins  MIN       SF     80    199  21          2  6006600           82    3048
23             Anthony Davis  NOP        C     82    253  23          4 22116750           75    2708
24            Anthony Morrow  CHI       SG     77    210  31          8  3488000            9      87
25          Anthony Tolliver  SAC       PF     80    240  31          8  8000000           65    1477
26            Archie Goodwin  BRK       SG     77    200  22          3   119494           12     184
27               Aron Baynes  DET        C     82    260  30          4  6500000           75    1163
28             Arron Afflalo  SAC       SG     77    210  31          9 12500000           61    1580
29             Austin Rivers  LAC       SG     76    200  24          4 11000000           74    2054
    field_goals_made field_goals_atts field_goals_perc points3_made points3_atts points3_perc points2_made
1                 17               42            0.405            5           10        0.500           12
2                121              300            0.403           48          128        0.375           73
3                393              865            0.454           77          267        0.288          316
4                 23               54            0.426            3           15        0.200           20
5                379              801            0.473           86          242        0.355          293
6                235              471            0.499            0            1        0.000          235
7                183              466            0.393           70          212        0.330          113
8                 30               80            0.375           14           44        0.318           16
9                138              267            0.517            0            1        0.000          138
10                99              248            0.399           25           76        0.329           74
11               134              341            0.393           94          247        0.381           40
12               230              463            0.497            3           12        0.250          227
13                25               54            0.463            6           19        0.316           19
14                89              178            0.500            0            4        0.000           89
15               303              647            0.468          134          302        0.444          169
16               213              370            0.576           27           66        0.409          186
17               483              911            0.530            2            7        0.286          481
18               219              415            0.528           64          177        0.362          155
19               215              463            0.464           45          184        0.245          170
20               117              360            0.325           43          156        0.276           74
21                13               34            0.382            2           11        0.182           11
22               709             1570            0.452          103          289        0.356          606
23               770             1527            0.504           40          134        0.299          730
24                12               29            0.414            6           14        0.429            6
25               155              351            0.442           90          230        0.391           65
26                34               61            0.557            4           13        0.308           30
27               143              279            0.513            0            0           NA          143
28               185              420            0.440           62          151        0.411          123
29               323              731            0.442          111          299        0.371          212
    points2_atts points2_perc points1_made points1_atts points1_perc off_rebounds def_rebounds assists
1             32        0.375            9           20        0.450            8           28       4
2            172        0.424           32           40        0.800           18           51     125
3            598        0.528          156          217        0.719          116          289     150
4             39        0.513           14           19        0.737            9           24       7
5            559        0.524          108          135        0.800           95          369     337
6            470        0.500           65           85        0.765           75          203      57
7            254        0.445           96          136        0.706           77          374      99
8             36        0.444           12           16        0.750            3           21      11
9            266        0.519           70          112        0.625           94          198      23
10           172        0.430           60           78        0.769           17          103      30
11            94        0.426           44           49        0.898           18           68      40
12           451        0.503          150          208        0.721          156          354      44
13            35        0.543            8           10        0.800           11           18       5
14           174        0.511           29           40        0.725           46          131      12
15           345        0.490          105          124        0.847           19          206      93
16           304        0.612           67          100        0.670          117          248     140
17           904        0.532          137          355        0.386          345          771      89
18           238        0.651           72          102        0.706           51          253     262
19           279        0.609           47          111        0.423           98          304      79
20           204        0.363          148          194        0.763           23          113     198
21            23        0.478            2            2        1.000            4           23       3
22          1281        0.473          412          542        0.760          103          226     189
23          1393        0.524          519          647        0.802          174          712     157
24            15        0.400           11           11        1.000            1            1       6
25           121        0.537           61           82        0.744           51          188      77
26            48        0.625           23           32        0.719            7           21      23
27           279        0.513           79           94        0.840          111          222      32
28           269        0.457           83           93        0.892            9          116      78
29           432        0.491          132          191        0.691           20          141     204
    steals blocks turnovers fouls missed_fg missed_ft points rebounds efficiency
1        1     13        10    21        25        11     48       36  2.5454545
2       25      9        66    93       179         8    322       69  4.5692308
3       64     40        89   172       472        61   1019      405 13.2000000
4        8      7         8    32        31         5     63       33  4.1111111
5       52     87       116   138       422        27    952      464 19.5147059
6       19     16        33   125       236        20    535      278  9.3333333
7       60     44        94   102       283        40    532      451 12.6065574
8        3      0         7    35        50         4     86       24  2.1000000
9       27     32        37   125       129        42    346      292 10.8936170
10      18      5        35    50       149        18    283      120  6.0476190
11      37      8        33   114       207         5    406       86  4.8823529
12      37     98       102   242       233        58    613      510 11.8051948
13       3      2         3    14        29         2     64       29 11.5000000
14      20     22        31    77        89        11    207      177  7.8717949
15      54     20        62   171       344        19    845      225 10.2784810
16      52     62        77   211       157        33    520      365 10.9000000
17     124     89       152   237       428       218   1105     1116 21.2962963
18      76     39        58    97       196        30    574      304 12.7763158
19      94     79        51   204       248        64    522      402 10.2911392
20      54     20        85   194       243        46    425      136  6.3750000
21       5      0         6    18        21         0     30       27  3.8000000
22      82     30       187   183       861       130   1933      329 16.8902439
23      94    167       181   168       757       128   2099      886 31.1600000
24       2      0         0     4        17         0     41        2  3.7777778
25      33     20        56   109       196        21    461      239  8.5692308
26       4      4        14     7        27         9     95       28  8.6666667
27      17     39        50   166       136        15    365      333  7.8000000
28      21      7        42   104       235        10    515      125  7.5245902
29      48     10       115   187       408        59    889      161  9.8648649
 [ reached getOption("max.print") -- omitted 412 rows ]
function (which = dev.cur()) 
{
    if (which == 1) 
        stop("cannot shut down device 1 (the null device)")
    .External(C_devoff, as.integer(which))
    dev.cur()
}
<bytecode: 0x108aefd48>
<environment: namespace:grDevices>
pdf 
  2 
