   Min. 1st Qu.  Median    Mean 3rd Qu.    Max. 
 -0.600   5.452   9.090  10.137  13.247  33.840 
                      player team position height weight age experience   salary games_played minutes
1               A.J. Hammons  DAL        C     84    260  24          0   650000           22     163
2               Aaron Brooks  IND       PG     72    161  32          8  2700000           65     894
3               Aaron Gordon  ORL       SF     81    220  21          2  4351320           80    2298
4              Adreian Payne  MIN       PF     82    237  25          2  2022240           18     135
5                 Al Horford  BOS        C     82    245  30          9 26540100           68    2193
6               Al Jefferson  IND        C     82    289  32         12 10230179           66     931
7            Al-Farouq Aminu  POR       SF     81    220  26          6  7680965           61    1773
8              Alan Anderson  LAC       SF     78    220  34          7  1315448           30     308
9              Alan Williams  PHO        C     80    260  24          1   874636           47     708
10                Alec Burks  UTA       SG     78    214  25          5 10154495           42     653
11              Alex Abrines  OKC       SG     78    190  23          0  5994764           68    1055
12                  Alex Len  PHO        C     85    260  23          3  4823621           77    1560
13            Alex Poythress  PHI       PF     79    238  23          0    31969            6     157
14             Alexis Ajinca  NOP        C     86    248  28          6  4600000           39     584
15              Allen Crabbe  POR       SG     78    210  24          3 18500000           79    2254
16              Amir Johnson  BOS       PF     81    240  29         11 12000000           80    1608
17            Andre Drummond  DET        C     83    279  23          4 22116750           81    2409
18            Andre Iguodala  GSW       SF     78    215  33         12 11131368           76    1998
19            Andre Roberson  OKC       SF     79    210  25          3  2183072           79    2376
20           Andrew Harrison  MEM       PG     78    213  22          0   945000           72    1474
21          Andrew Nicholson  BRK       PF     81    250  27          4  6088993           10     111
22            Andrew Wiggins  MIN       SF     80    199  21          2  6006600           82    3048
23             Anthony Davis  NOP        C     82    253  23          4 22116750           75    2708
24            Anthony Morrow  CHI       SG     77    210  31          8  3488000            9      87
25          Anthony Tolliver  SAC       PF     80    240  31          8  8000000           65    1477
26            Archie Goodwin  BRK       SG     77    200  22          3   119494           12     184
27               Aron Baynes  DET        C     82    260  30          4  6500000           75    1163
28             Arron Afflalo  SAC       SG     77    210  31          9 12500000           61    1580
29             Austin Rivers  LAC       SG     76    200  24          4 11000000           74    2054
30             Avery Bradley  BOS       SG     74    180  26          6  8269663           55    1835
31              Axel Toupane  NOP       SF     79    197  24          1    20580            2      41
32              Ben McLemore  SAC       SG     77    195  23          3  4008882           61    1176
33                Beno Udrih  DET       PG     75    205  34         12  1551659           39     560
34           Bismack Biyombo  ORL        C     81    255  24          5 17000000           81    1793
    field_goals_made field_goals_atts field_goals_perc points3_made points3_atts points3_perc points2_made
1                 17               42            0.405            5           10        0.500           12
2                121              300            0.403           48          128        0.375           73
3                393              865            0.454           77          267        0.288          316
4                 23               54            0.426            3           15        0.200           20
5                379              801            0.473           86          242        0.355          293
6                235              471            0.499            0            1        0.000          235
7                183              466            0.393           70          212        0.330          113
8                 30               80            0.375           14           44        0.318           16
9                138              267            0.517            0            1        0.000          138
10                99              248            0.399           25           76        0.329           74
11               134              341            0.393           94          247        0.381           40
12               230              463            0.497            3           12        0.250          227
13                25               54            0.463            6           19        0.316           19
14                89              178            0.500            0            4        0.000           89
15               303              647            0.468          134          302        0.444          169
16               213              370            0.576           27           66        0.409          186
17               483              911            0.530            2            7        0.286          481
18               219              415            0.528           64          177        0.362          155
19               215              463            0.464           45          184        0.245          170
20               117              360            0.325           43          156        0.276           74
21                13               34            0.382            2           11        0.182           11
22               709             1570            0.452          103          289        0.356          606
23               770             1527            0.504           40          134        0.299          730
24                12               29            0.414            6           14        0.429            6
25               155              351            0.442           90          230        0.391           65
26                34               61            0.557            4           13        0.308           30
27               143              279            0.513            0            0           NA          143
28               185              420            0.440           62          151        0.411          123
29               323              731            0.442          111          299        0.371          212
30               359              775            0.463          108          277        0.390          251
31                 5                8            0.625            1            3        0.333            4
32               180              419            0.430           65          170        0.382          115
33                92              197            0.467           11           32        0.344           81
34               179              339            0.528            0            0           NA          179
    points2_atts points2_perc points1_made points1_atts points1_perc off_rebounds def_rebounds assists steals
1             32        0.375            9           20        0.450            8           28       4      1
2            172        0.424           32           40        0.800           18           51     125     25
3            598        0.528          156          217        0.719          116          289     150     64
4             39        0.513           14           19        0.737            9           24       7      8
5            559        0.524          108          135        0.800           95          369     337     52
6            470        0.500           65           85        0.765           75          203      57     19
7            254        0.445           96          136        0.706           77          374      99     60
8             36        0.444           12           16        0.750            3           21      11      3
9            266        0.519           70          112        0.625           94          198      23     27
10           172        0.430           60           78        0.769           17          103      30     18
11            94        0.426           44           49        0.898           18           68      40     37
12           451        0.503          150          208        0.721          156          354      44     37
13            35        0.543            8           10        0.800           11           18       5      3
14           174        0.511           29           40        0.725           46          131      12     20
15           345        0.490          105          124        0.847           19          206      93     54
16           304        0.612           67          100        0.670          117          248     140     52
17           904        0.532          137          355        0.386          345          771      89    124
18           238        0.651           72          102        0.706           51          253     262     76
19           279        0.609           47          111        0.423           98          304      79     94
20           204        0.363          148          194        0.763           23          113     198     54
21            23        0.478            2            2        1.000            4           23       3      5
22          1281        0.473          412          542        0.760          103          226     189     82
23          1393        0.524          519          647        0.802          174          712     157     94
24            15        0.400           11           11        1.000            1            1       6      2
25           121        0.537           61           82        0.744           51          188      77     33
26            48        0.625           23           32        0.719            7           21      23      4
27           279        0.513           79           94        0.840          111          222      32     17
28           269        0.457           83           93        0.892            9          116      78     21
29           432        0.491          132          191        0.691           20          141     204     48
30           498        0.504           68           93        0.731           65          269     121     68
31             5        0.800            0            0           NA            0            1       0      1
32           249        0.462           70           93        0.753           19          111      51     29
33           165        0.491           32           34        0.941            6           51     131     13
34           339        0.528          125          234        0.534          157          410      74     25
    blocks turnovers fouls
1       13        10    21
2        9        66    93
3       40        89   172
4        7         8    32
5       87       116   138
6       16        33   125
7       44        94   102
8        0         7    35
9       32        37   125
10       5        35    50
11       8        33   114
12      98       102   242
13       2         3    14
14      22        31    77
15      20        62   171
16      62        77   211
17      89       152   237
18      39        58    97
19      79        51   204
20      20        85   194
21       0         6    18
22      30       187   183
23     167       181   168
24       0         0     4
25      20        56   109
26       4        14     7
27      39        50   166
28       7        42   104
29      10       115   187
30      11        88   141
31       1         0     5
32       6        62   108
33       0        37    29
34      91        95   202
 [ reached getOption("max.print") -- omitted 407 rows ]
[1] "/Users/Danielisgood/stat133-hws-fall17/hw3/data"
[1] "/Users/Danielisgood/stat133-hws-fall17/hw3/data"
[1] "/Users/Danielisgood/stat133-hws-fall17/hw3/data"
